L_Shoulder_X	L_Shoulder_Y	R_Shoulder_X	R_Shoulder_Y	L_Elbow_X	L_Elbow_Y	R_Elbow_X	R_Elbow_Y	L_Wrist_X	L_Wrist_Y	R_Wrist_X	R_Wrist_Y	L_Hip_X	L_Hip_Y	R_Hip_X	R_Hip_Y	L_Knee_X	L_Knee_Y	R_Knee_X	R_Knee_Y	L_Ankle_X	L_Ankle_Y	R_Ankle_X	R_Ankle_Y	L_Heal_X	L_Heal_Y	R_Heal_X	R_Heal_Y	L_Index_X	L_Index_Y	R_Index_X	R_Index_Y
456.6783905	417.8220177	159.1494179	430.3469753	561.0344696	470.2017689	134.9522209	560.541172	568.719101	616.9382858	149.6578693	599.6749878	391.8363953	756.2307358	235.972271	759.6030235	397.0729446	698.3663177	195.1482773	741.3006592	395.732193	881.8731308	328.8360596	840.6128883	396.5303802	925.1125145	348.9133453	853.8514137	560.4213715	622.0329666	146.6135693	601.7586136
452.6703644	419.1430092	156.735096	430.4668522	561.0084152	480.3782845	133.7539959	578.903389	574.1890335	700.3241158	127.1758461	701.0759926	391.7490768	751.3192749	213.5435486	751.5836906	393.796463	1031.961136	201.0241508	1027.953644	395.6686401	1301.790276	245.8287048	1284.916534	398.2180786	1343.9748	248.8884926	1318.708649	562.5171661	761.03405	124.6975327	743.4566689
451.9808578	423.9429188	156.0387421	433.1827068	564.4123459	552.3881149	133.6282539	552.9303932	573.6537552	716.6900826	123.2218361	707.9250526	391.6949081	755.5721283	205.0744438	752.9912567	391.2144852	1064.372292	206.8217087	1060.052834	394.7473907	1337.985077	233.5214424	1319.441071	398.2894897	1382.925339	236.7617035	1355.216331	559.8072433	771.1281395	120.4797268	745.2305031
451.38237	423.2887459	156.3563251	432.0467091	576.5455246	545.3502846	134.7665977	564.4312477	592.4418259	701.5956688	125.4105949	691.5724754	391.7011642	748.5720634	206.7673492	745.3700638	391.3282394	1048.321381	216.7164803	1042.642708	396.9107819	1320.292854	243.7842178	1299.15287	403.0137634	1365.162621	248.0653	1334.171219	583.9668655	749.9660683	120.6937981	725.592041
451.3404846	424.0653133	153.7529469	435.7290459	580.6438065	551.181221	134.8727608	591.0055161	590.5142975	687.190361	126.5981483	707.8357887	393.5657501	751.7123795	206.777916	749.2463493	394.4483185	1062.502556	225.973053	1059.519997	402.1503067	1334.592247	249.2733955	1320.769501	409.7757339	1380.736542	253.7435341	1359.225426	581.5123367	724.0418243	125.3502846	740.0490761
452.4845123	426.9054508	153.0056286	437.4000549	583.9071655	552.9195213	133.349123	593.4788132	590.3262329	687.4188423	128.0634594	700.2943039	396.9556427	757.2268867	207.675724	754.8774147	397.6939392	1070.378952	227.5081635	1069.615288	406.733017	1341.133804	251.7791939	1322.316513	415.8691025	1389.505234	257.2150803	1359.674835	580.7192993	726.1194992	126.3892078	729.9437714
452.5060272	427.3421288	152.7017021	437.5990391	582.4721146	557.3312759	133.0257416	589.7942162	590.8180618	706.7068291	128.9024544	691.6957283	397.5783157	757.3905373	208.1593513	754.944191	397.7812958	1064.318619	227.103157	1061.600418	406.2369919	1335.424118	248.7454033	1316.421547	414.9162292	1381.916428	252.941246	1352.81044	581.5504837	756.5706825	127.1969414	721.4642715
453.1256485	429.1925526	152.1368122	438.7080002	581.6719437	567.1127129	132.6869202	592.3084831	591.5006256	718.32304	129.0955544	691.1707878	398.7213135	759.9952126	208.6288643	756.1583519	399.0794373	1070.087814	228.8044357	1067.559814	408.1475449	1341.252365	251.3454628	1322.072067	417.0780945	1390.31662	256.580143	1360.869026	583.0960083	767.0453453	127.8439522	720.1104355
453.1425858	429.3719673	151.3160229	441.0975552	581.1966705	567.4427032	133.1583118	597.1593475	591.4450073	724.4736671	136.4731598	697.6198769	399.0441513	764.2500687	208.9149284	762.6234627	400.1509476	1073.119583	228.8722801	1071.083565	408.4077835	1344.005356	251.349144	1327.906952	417.1028519	1391.020546	256.04702	1366.452484	582.4437714	777.1856689	139.5083046	728.5806656
452.758522	428.7717819	151.0700512	440.9231472	576.9093704	508.5875702	136.3016033	595.6918144	604.8384857	719.7585297	145.3736687	694.1405296	398.6262131	761.4587975	209.299221	759.5929527	401.3808441	1063.373337	232.8563118	1062.251244	411.0578537	1332.156601	253.685379	1319.899063	418.6730194	1378.437653	259.446907	1357.377777	603.5780716	766.9056129	145.0537395	722.166481
452.7687836	428.7028027	151.0849762	440.315609	572.4665451	495.6136894	136.2759399	594.6712303	598.3835983	713.8474846	138.7463951	693.4677315	394.7971725	760.9818649	207.3642921	758.3623695	394.1300201	1059.720268	228.3014107	1054.744377	400.832901	1326.579781	242.5021935	1308.946953	406.8719864	1371.596832	247.1931458	1344.618645	593.7349319	762.4312019	136.4938927	725.6378174
452.6132584	428.7135315	150.9988213	440.3747749	572.6979828	544.5934296	136.5641212	598.5954094	593.7915802	709.4276619	139.539156	703.9847374	392.7930069	764.0823555	204.3273544	761.6714859	393.7356567	1069.888115	227.8908157	1064.943123	398.7688446	1338.654213	241.5784073	1325.447159	404.5261765	1384.079704	245.6043625	1364.109879	586.9689941	755.7259369	137.8880024	736.890564
450.8071899	426.8951225	151.2977314	437.4753857	570.1441574	553.1220818	136.654377	597.8231049	593.488884	715.9532547	139.6650505	702.3455429	392.289505	754.4067764	204.5458794	752.1422768	393.659668	1057.455254	227.4718857	1052.904625	397.4834061	1325.092621	242.5300598	1311.648788	402.1724701	1369.254112	246.858654	1349.5158	586.3099289	766.537571	137.8972816	735.7838631
450.0049591	426.4089775	151.1652565	437.4699783	567.0383453	504.6179008	136.6362953	593.7496376	589.990654	713.8489151	139.549818	700.2493858	392.2919083	754.391613	204.8724937	752.0664024	393.1987762	1056.775703	227.2202873	1051.113739	396.9070053	1324.782829	242.9746056	1309.903336	401.5826797	1369.872208	247.3621178	1348.669968	580.1481247	765.4346466	137.8849316	732.7205658
449.2124176	424.9692822	151.096344	434.8955154	566.704216	535.3017998	136.3335991	587.5500298	579.6562958	716.7990875	135.6130981	698.7857437	391.0767365	751.5059853	203.7626457	748.0523872	388.0977249	1053.107529	219.0772247	1047.243919	390.7582855	1319.954453	233.7923622	1301.127548	396.5818787	1365.089951	238.335495	1338.170357	567.6917648	771.6939354	132.8754234	730.7143593
448.7190628	423.5861492	150.2860737	435.2950573	567.3678589	549.0333366	136.3244629	588.846302	583.8447952	724.2474747	140.0341511	708.65942	391.0652924	751.7357826	203.8431549	748.4469795	388.585434	1054.641151	220.3746796	1051.919746	391.2374878	1321.981773	234.6522331	1305.493927	397.859726	1366.966667	240.1626968	1341.966705	574.630928	781.0525131	140.304842	746.0873795
448.2830811	423.4478188	150.3078651	435.3067875	567.4416351	555.2937126	136.7056465	592.9253197	589.6096802	721.28088	143.7798882	715.2042389	389.895134	751.9090462	204.0518379	748.5078049	389.3916321	1055.445557	223.9710617	1051.195335	391.4021683	1322.777367	234.803791	1310.528755	398.3026123	1367.220268	241.165123	1349.25602	585.8576202	774.9149895	145.042696	752.4062347
448.2662201	423.4469032	150.3172588	435.9769821	569.2638397	557.7953911	136.5899372	592.6905441	594.3716431	719.7940636	145.0081921	714.3069649	390.0807953	752.1593285	204.3227196	749.4099998	393.6695099	1057.631721	227.9077721	1053.036575	397.0082092	1324.667931	241.3100433	1313.326378	402.5783539	1368.991241	246.3873482	1352.02961	591.6144943	768.0318832	146.2311745	751.7223358
447.6025772	422.9765797	150.4506207	435.9860229	571.1891937	555.6464767	137.4662209	594.0203476	594.1359711	688.8817978	145.1337433	711.6231537	389.2044067	752.2004128	203.6828232	749.5004082	393.6923218	1055.978966	227.9953575	1051.519089	397.58564	1323.619652	241.5371704	1311.746635	402.8710556	1368.384132	247.0934677	1350.824089	590.6816483	726.7703247	146.1065197	747.4602699
447.6053619	420.3074455	150.6746674	435.3245258	578.1676483	548.6123085	137.9711437	593.6436653	610.3452301	671.8224907	144.9835682	710.2416801	389.2359543	745.3475189	204.0120316	744.3748856	394.6933746	1051.069221	229.3692589	1043.470573	399.3479156	1317.961807	242.6015091	1308.389168	403.697319	1362.072945	247.6411629	1348.258209	610.8931351	707.9973221	144.5102882	744.9681473
450.4111862	419.7776699	151.3918018	434.6026897	573.6715698	502.9185104	137.9887104	594.3486786	610.0382614	712.5148773	147.531538	715.5632973	395.9263992	745.8052826	209.3017197	744.7624397	404.251442	1051.298103	234.5259094	1046.467323	406.2519455	1318.712654	249.2559624	1309.71302	410.620842	1362.841644	253.7678337	1349.290581	607.097168	764.7847939	149.3234825	753.5274696
450.5971527	414.2010784	155.4481983	431.3519382	573.8817215	488.6435509	138.0286407	594.5110703	615.9635544	718.3472443	144.812603	737.7574539	398.0986404	742.6520348	213.0926895	742.2983551	405.2858734	1049.694328	234.4334793	1045.832748	406.1023331	1317.594566	249.479332	1309.55349	410.5241394	1360.577545	253.8598251	1348.09536	614.089241	775.628643	146.9755363	786.3820839
455.6735992	409.9923706	158.9642048	429.3423843	574.758606	483.6968994	144.3009758	594.401207	622.1232224	717.1644402	150.0758362	733.598671	407.1511078	740.7629013	221.5632439	742.1403122	413.1903076	1047.039642	240.0654411	1044.357033	411.6706848	1314.034424	255.6416702	1306.758957	416.1122894	1356.600838	258.904171	1345.103531	620.3847122	774.9262047	152.7645111	779.1420364
463.253212	406.8783188	167.9200554	424.3135929	575.692749	477.9149151	144.0665722	533.9446449	625.1966095	716.4130783	137.3892784	729.9605942	416.515007	739.394474	227.690239	740.6693459	416.7858505	1042.405586	239.353466	1041.170654	414.2915726	1307.126427	255.2049637	1296.325607	420.0962067	1349.027023	257.7973938	1332.199173	618.1184769	778.9810181	135.7601166	777.0067978
467.6898193	400.8994675	174.531517	422.4019146	578.0799103	474.7329998	146.1528301	558.9256668	631.7886353	711.2225533	137.6399803	747.9325104	419.7995377	738.3246231	236.030159	740.0150299	422.0998383	1040.234985	247.3940659	1037.076874	418.1362152	1304.399643	259.6467209	1296.02211	423.0155563	1346.152496	260.9585571	1332.346458	626.9917679	776.8590546	136.3605499	805.1735115
486.0555267	401.2341213	175.1595497	422.7542496	583.8924026	478.1509495	146.8136597	599.5663834	634.3941498	717.9907608	143.3524132	768.3487701	432.7586365	738.9743614	243.5295868	742.8098488	438.1528473	1044.036255	261.3344383	1040.170898	434.2251968	1309.73259	270.2793884	1304.614792	437.6215363	1354.324265	271.1747169	1347.629585	625.8972168	784.0942955	148.203783	823.9611626
491.5413666	397.194643	190.6962776	415.0865078	588.2055664	470.5477238	149.9744225	593.4109497	640.5657196	710.2086067	144.7556114	757.8906441	433.9731216	732.9182053	246.5660858	733.4163094	436.7509079	1037.772789	260.5522537	1030.784798	432.2453308	1304.187012	269.4762802	1297.288742	436.2807083	1348.07373	270.3474808	1339.844971	631.0019684	776.8907547	149.1521645	808.3103371
498.3377457	395.1442337	198.0378914	411.774044	597.2742462	473.021307	154.8926353	592.702446	649.0454865	709.5622444	155.4332447	754.6385765	442.5913239	732.9873276	257.4462509	733.8307571	446.2049103	1037.928314	270.8916664	1031.131096	440.66185	1304.290352	279.6691513	1297.280502	444.6537018	1348.190575	280.3940773	1339.568939	639.2225266	775.3445435	162.5014114	808.4628296
509.5276642	394.893465	205.9991837	406.8846989	606.4796066	474.5222569	154.2715454	592.6156425	656.1089325	710.817318	152.955904	751.7357254	453.1155014	733.4419441	262.3273659	733.5351563	450.3384018	1038.56678	268.9603043	1031.197357	442.0226288	1305.256233	277.2355652	1297.333717	446.680603	1349.843788	278.5220337	1339.559441	642.9866791	776.1538696	160.5744934	805.3519821
511.133194	391.6403103	208.9592361	405.0796223	604.5183563	474.8315907	158.4781361	591.8619919	662.9611206	704.7356987	152.728405	751.7309761	457.2298813	732.660141	270.259037	732.4520874	455.3725433	1037.727814	281.0668564	1029.909096	450.1146317	1304.689865	286.0209656	1297.070274	453.2257843	1349.019356	286.2786484	1339.475327	657.3062897	766.7231369	159.3477631	805.9192657
514.1599274	390.2915096	212.7832031	404.2277527	605.0557709	475.0929737	157.7618885	597.5688744	673.5176086	695.4553986	152.4203682	770.5634308	458.3230591	732.4873924	272.3893166	732.2067261	456.7284393	1037.627792	287.5010681	1030.357933	454.1852188	1304.66423	294.1433334	1297.151413	456.5581894	1348.961906	294.1583824	1339.598122	677.8110504	750.9758949	158.4803295	824.4139481
527.3150635	390.7252407	216.1098862	404.2469788	607.1855545	473.6856365	157.2105694	598.0438042	670.5157471	696.0669136	153.5939026	765.1037407	465.0608826	735.4708672	274.1527176	733.1873703	461.1370087	1042.317123	289.3589401	1032.300797	455.8457184	1308.304024	292.7186584	1299.639244	457.3584366	1353.940315	292.466774	1344.690514	668.0371857	752.1387291	163.5995865	817.9703522
530.4209137	387.0263958	218.9233971	405.0454044	610.4651642	473.6702442	157.6481819	604.5585251	670.9049988	693.7179565	156.3458729	769.1552353	466.215477	735.1675987	277.5805092	733.3036423	465.6018448	1039.324837	288.6368752	1025.737839	464.9006653	1298.104134	302.1821594	1292.791214	466.1624527	1341.392555	303.5244179	1337.019997	669.3767548	748.1964111	166.8311691	819.3359184
535.6258392	386.507864	225.6513023	404.5563412	612.0827103	473.1514549	157.6974678	603.1887245	677.3251343	694.4024277	157.2240257	766.0500526	473.2975388	735.2346039	284.3210411	733.4963036	469.7993469	1038.15834	296.8840408	1024.448204	468.0940628	1298.281059	304.0771866	1291.318817	469.0680695	1341.773529	304.2001915	1335.674515	677.1116638	748.1923485	167.6293564	817.4929619
542.5214386	386.1373615	227.463398	404.6648026	611.0795212	473.1764889	157.425642	602.7845192	659.2488098	700.9146309	174.0974236	743.1196404	476.3479614	734.9952507	286.4474869	733.2940865	470.2843094	1035.965424	292.8516197	1016.359062	468.3398438	1291.789742	305.1501465	1282.816772	469.3956375	1333.596268	307.2243309	1324.929085	650.6417084	753.9531898	193.1764603	779.9953079
545.4560471	384.7233582	235.1936531	402.3732376	610.9025955	472.3282528	153.1980705	517.840004	659.4580078	691.7456245	189.8055267	687.6611137	476.3638306	728.9723396	291.8000412	723.1701279	467.6696014	1009.001198	292.4056053	981.068573	465.4553986	1258.163681	304.9505997	1246.220741	466.91082	1296.636772	308.041954	1282.527924	653.7239838	738.4544563	217.1166229	706.5313339
548.1609344	382.2155571	236.5565109	401.8147659	611.3095856	471.0575581	154.2024994	544.1570663	662.590332	680.3198433	185.5142212	702.2816849	476.0507965	717.8097153	293.4901047	712.5728416	465.5290985	964.0253448	281.8931198	934.4535255	463.7719345	1200.198212	307.9471397	1176.058273	465.3775787	1236.641121	311.9573402	1206.753387	660.3309631	720.7401466	207.1469688	734.8766327
552.437439	382.7354336	237.5183296	400.4446793	611.700325	471.3101006	154.1829205	557.4152184	655.3762817	684.4032669	182.1559906	709.5725441	478.3217239	718.7572289	294.3142128	712.054882	465.1615143	981.5530014	274.8498535	945.6101418	465.1731873	1226.071014	307.7640343	1207.984543	466.8693161	1264.512062	312.9752159	1243.15052	648.9452362	726.2911034	200.9435272	746.4378548
551.2192535	382.76968	237.7632904	399.5386791	611.9702911	471.2523365	155.0561333	569.9531364	661.940155	685.7095528	176.6287613	731.9298363	477.0722961	717.3878288	291.9333267	712.3103142	466.4661407	992.2674179	287.4185181	973.6167526	464.8526001	1255.221062	306.6749191	1248.595963	465.9697342	1297.465782	311.1544418	1293.026276	659.9723816	726.7271805	192.3921013	781.2202263
551.1983109	384.2644787	237.06604	399.1865158	613.1459808	478.7832642	155.0017262	526.0237312	661.658783	706.0505104	165.5860901	741.5909958	479.1267395	718.4052658	290.58218	713.5849571	466.4827728	1019.514999	291.6640091	1004.830055	464.3247223	1292.495842	304.5456886	1278.187752	465.6667328	1338.552704	305.6718063	1325.26577	658.3149719	756.3810539	178.0694962	788.8474846
553.7681961	385.1158619	236.3136673	399.3131161	612.9555511	476.5969849	155.1786613	520.6266403	661.5699768	710.5530739	162.7852249	753.2128716	482.3534393	725.5284691	290.2659035	720.12743	471.468277	1035.731049	300.3761864	1023.268776	469.9714279	1310.233955	306.3753128	1298.503304	470.2988815	1356.977119	306.7093468	1347.090912	656.0982513	762.9611778	175.8702469	801.2735367
556.3566971	387.3175335	235.4133415	399.4303608	614.5008469	483.9938164	155.9517956	580.1467896	661.4086914	727.2520638	164.1092682	762.3057175	482.3183441	725.6454277	289.5952415	720.3574562	471.432724	1038.838234	301.4856911	1023.504868	468.9720535	1309.813156	305.8176613	1297.62291	469.376297	1355.260506	306.3380814	1345.598259	656.4601135	782.7707291	177.2402573	809.4913101
555.5171967	387.8843307	234.9749756	399.5096111	614.3157959	486.7106438	159.9433422	599.7489166	649.0763855	728.8871384	164.0988731	769.100132	481.4968491	724.9975777	286.3636398	719.0432739	469.7478485	1038.600998	301.0922813	1022.342606	461.7000961	1309.185562	292.8980064	1295.776176	461.5767288	1355.472908	292.754631	1343.903732	638.671875	785.0220108	175.2004623	819.2485428
554.7971344	387.3540115	233.1642151	400.828371	613.0602264	487.7893639	155.8014202	607.8711891	649.559021	728.7312126	161.8515015	766.5585136	481.2439728	724.0351295	284.6376419	719.3361855	469.361496	1037.554092	296.0600281	1020.805206	462.3406601	1307.146339	295.7996178	1293.142662	462.2250748	1353.985977	298.3804893	1339.791183	639.3536377	782.3342514	172.9894066	813.747139
555.0970459	387.3824501	231.2455559	402.3276043	615.5513382	487.311058	155.7755756	620.4626083	660.1890564	734.117775	158.8929558	786.9618416	480.9111786	730.1498222	283.6454773	725.3420448	469.0394974	1046.615753	295.7177353	1029.994698	458.8756943	1318.934441	293.7822533	1302.300339	457.4089813	1368.14415	294.6776772	1352.586136	649.8155975	792.7950668	169.3769264	836.6378975
556.3761139	387.7257156	229.013176	402.9977417	620.1966095	487.3155785	155.7692146	624.3009567	678.7608337	736.0049629	157.9841137	786.0964394	481.9480133	730.9041595	283.3356857	727.1719551	468.9885712	1048.717804	295.5246544	1034.840012	458.8951874	1321.02047	293.73703	1306.068764	457.4356079	1369.384232	294.305687	1356.329727	673.0327606	793.8869476	168.3402443	831.3362503
555.651741	386.4793682	226.7486191	404.3409348	620.585022	486.4575577	154.8710155	620.8219528	686.645813	734.8532295	156.1257648	788.0373001	479.4736862	732.7700043	279.2188644	728.2513618	465.8243561	1048.672485	294.3342972	1036.683083	454.4715118	1322.275543	290.8610916	1308.792915	452.9143524	1370.53196	290.4486084	1358.003082	682.625885	792.8958893	166.9320869	834.8745346
556.9517899	387.7579594	224.5494843	405.3964806	658.1213379	552.0168114	153.4854126	622.7695084	683.6620331	736.041069	152.3774433	784.6915627	479.5383453	733.5977554	278.0990028	729.6470261	465.5001068	1050.428925	294.0225792	1036.323166	452.8274918	1322.099075	288.5485268	1307.689133	451.1127472	1369.760857	287.659359	1357.548637	678.4973907	792.5196075	162.3859787	830.5389404
556.5830612	388.0850029	224.2259979	405.4269218	629.2317963	527.449894	153.1070232	619.2370605	667.4304962	739.2208099	151.702013	785.1418304	478.7893677	730.8090019	276.6164207	725.8987999	463.6816025	1049.801674	293.4582138	1032.482414	451.0198975	1320.439224	286.7183495	1305.772705	449.1305542	1367.533607	285.990715	1356.787262	660.069046	796.9335938	161.6330719	833.3671188
556.7440796	391.4150906	224.3169594	404.3030834	644.772644	562.5847435	152.9496479	618.3944321	661.0012054	741.9945145	151.0857868	785.0819778	478.348465	728.1889915	276.0379028	720.4178238	460.7379532	1048.554039	289.6227646	1022.824974	445.4346466	1319.9263	280.5200577	1299.285736	443.6688995	1367.253342	279.6132469	1351.831169	651.2297058	798.3664513	161.2518692	834.1776466
556.5554047	392.8199387	224.3167686	404.2630005	648.7139893	567.3450279	152.487278	617.0001411	657.2581482	741.9181252	150.7751751	784.530201	478.2338333	723.7085724	275.8529663	714.5020294	458.6832428	1045.175171	286.5301514	1017.655907	442.8293991	1318.585854	277.2641563	1296.863022	440.8987427	1365.697517	276.7160606	1349.210014	646.8244934	797.6988602	161.2219238	832.3115158
557.1458054	395.0374317	224.0769577	405.2431011	625.1215744	551.2156105	157.2628307	617.792244	642.0704651	753.4771156	157.0640278	784.1915131	480.662117	722.6623535	277.7773476	714.0558243	459.9207306	1044.63295	286.0237694	1015.271187	443.43647	1312.694321	278.7815285	1292.165337	441.4096451	1357.103348	279.5943642	1341.664467	630.9241486	807.1392059	166.3049126	831.2841797
557.0118332	395.8082485	223.0445671	408.8348007	621.9952393	511.2241173	163.597908	622.5824547	643.7304688	750.6455612	160.4078102	786.7485809	484.0413666	723.1371117	279.8801804	714.8244095	463.6473846	1044.509125	290.5497169	1016.264763	447.9006958	1309.667244	286.6465378	1289.464073	445.128479	1355.345535	287.9305458	1337.908401	632.977829	805.4334068	168.1286049	832.314949
556.941452	395.8579445	223.1348801	408.7749195	619.4146729	500.4681587	168.8918686	621.0048866	645.4978943	748.8259506	166.3635445	786.3801384	484.2333603	723.1303596	281.1300278	715.2310181	464.5921326	1043.985329	293.5064125	1017.778015	450.1236725	1309.696655	290.3332138	1290.801659	447.5976563	1355.933647	291.4468002	1339.540787	634.7977829	803.4667969	173.7101746	832.4765968
556.8109131	395.9627724	223.4985161	408.6585331	616.926384	501.1679077	168.5422897	621.0353279	646.9562531	750.4352188	167.547493	789.2590714	484.0524673	722.4924088	281.106472	713.6546516	464.2464066	1042.287827	292.8203773	1017.166557	449.7671509	1308.632469	286.9801903	1289.896317	447.6128387	1354.642296	286.7685509	1338.540802	637.0530319	804.9090385	176.8865204	835.7239151
556.7725754	396.3801384	223.4465218	408.6594772	617.5013351	502.0893288	168.7956619	623.903904	647.9943848	749.6752739	169.5720482	793.1136131	483.9540482	722.6109123	281.0843849	713.8997269	464.3546295	1042.217216	292.6814651	1022.335739	449.7533798	1310.337868	286.9611549	1293.145752	447.7162933	1357.248573	286.5850258	1341.645699	638.2950974	804.3203545	180.8998871	839.2233467
556.6743088	396.5011597	222.9452133	409.0569878	617.8367233	496.6477203	168.6821365	627.7495193	650.0110626	749.6770477	169.2229271	801.7903519	483.8562393	723.5822868	281.0412216	716.495533	464.337616	1043.141098	293.4389114	1025.836945	449.7898102	1314.762497	287.2786522	1298.113861	447.8198242	1363.956299	286.8460655	1349.016266	639.6041107	805.9844971	180.2207947	851.3850975
555.2996063	395.9008312	222.6127434	409.7951031	617.7257156	491.3576317	168.6159325	631.0834694	665.0465393	743.2874107	166.2688446	803.4844208	483.7939072	723.3193588	281.2372398	717.3936653	467.1222687	1043.059273	297.6748657	1028.525276	455.0159073	1315.151253	294.4046021	1299.962311	453.2860184	1364.718475	293.6964798	1350.707932	658.4977722	800.4034996	174.4079208	851.3499069
555.0817108	396.756134	222.7412224	409.3771362	609.8217773	496.8457603	167.0772934	630.7172012	645.9719849	750.0741577	163.710041	802.261219	483.6587906	721.8289375	281.1674881	716.8112755	466.7527008	1042.150497	297.3914146	1027.895851	453.7327957	1315.049515	294.2240524	1299.423065	451.8796539	1364.456863	293.6429405	1350.474815	633.8348389	806.3461876	171.8179893	849.607029
554.592514	397.0355129	219.4374657	412.2017384	610.7053757	493.9029121	166.689682	631.4189529	641.7553711	746.6609573	163.7639999	802.2489738	482.8139496	720.4995346	280.3731155	716.9120407	466.7177963	1041.653595	297.2565651	1028.699341	453.8260651	1314.122314	294.3802261	1299.196701	451.9309235	1362.722511	294.3282127	1350.307732	627.7473068	799.7869492	171.819458	849.333744
552.703476	397.0260715	215.9762001	414.3577194	608.980484	497.8718376	165.4400826	632.3540497	640.4608154	746.6158676	163.9083099	802.3717117	481.6989899	720.1681709	277.5647354	716.9907188	466.3871002	1041.172485	296.2828636	1028.999748	453.7794113	1313.649788	294.2722511	1299.103546	451.9100189	1360.925903	294.2232704	1347.939262	627.870369	798.3308029	171.9830894	848.7609673
550.6855392	396.9460201	213.430748	417.2464371	609.3291473	493.8675499	165.3498268	633.861866	642.1761322	739.7509575	164.4965363	801.7104721	479.9855423	719.8226738	276.2418556	717.0733452	466.3675308	1041.035271	296.1881638	1030.08213	453.761673	1311.379852	294.368782	1298.892288	451.8694305	1357.604828	294.5001602	1346.375771	631.0584641	789.4108772	172.0998383	848.4298897
546.7792511	394.458046	212.801857	417.4712276	605.3612137	489.6042252	162.7682495	633.4643555	635.5509567	734.8690796	164.4779396	801.3973045	477.0355988	719.4544601	275.2625465	717.3077202	466.2674713	1040.633583	296.32761	1030.773582	453.7885284	1310.871735	295.8275986	1298.750954	451.8654251	1355.784874	296.4987183	1345.47924	624.7301483	782.1491432	172.1610451	847.3706245
546.5233231	394.4668293	209.7695923	419.2225456	607.4833298	488.5573769	162.4600601	637.7402687	642.3214722	734.7082329	164.8371506	810.101223	477.384758	722.7568245	275.2877426	725.2924347	467.5991821	1043.107796	296.6817665	1040.687599	456.8554688	1314.507065	297.9654503	1305.611801	455.5168915	1361.592293	298.1014633	1352.50042	630.6427765	783.2054901	172.7295494	857.2226715
544.3870926	393.9668655	208.251152	420.3600025	604.5361328	485.0113678	159.2276955	637.0594597	640.9346008	726.5029907	163.0226898	809.1181755	474.2921066	722.8607941	273.2748032	725.7340622	466.7069244	1043.025627	296.5055275	1039.892578	456.3970566	1314.324188	297.8186417	1305.032158	454.704361	1361.472816	297.988472	1352.021942	629.1630173	774.0628052	170.7956505	855.9781837
544.755249	396.9369221	206.6408539	420.7883549	605.0178909	494.4256783	158.6373138	637.4543381	618.3544922	739.4870567	163.1174469	808.0609703	474.215126	727.2187042	270.4997635	727.983284	462.1181488	1046.682358	288.3711243	1041.163673	449.144249	1317.314186	288.856144	1305.392303	447.4899292	1362.877121	289.6306801	1351.510391	599.2285156	784.7774506	170.98423	855.7772255
544.7272873	397.0654392	206.9579697	420.6848717	606.8723297	490.7237434	158.6587048	636.9416428	618.6283112	736.1014366	163.3639145	807.8837013	473.6584473	725.1098442	269.5418739	725.1738167	460.460434	1044.129524	286.7229652	1039.06929	447.8937531	1313.960495	287.3908424	1301.161423	446.2896729	1359.451447	288.3153152	1345.926704	602.2769928	781.0641861	171.5326309	854.7573853
544.8166656	397.1293831	207.1994781	420.1926041	607.9621506	496.7453384	159.7849751	636.6751671	619.5156097	740.7150078	161.8822098	807.2781372	473.8964081	724.0202522	269.6641159	723.5116768	460.5138779	1042.879715	286.8198204	1037.307243	448.0281067	1311.747093	287.5832748	1298.030663	446.398468	1358.051834	288.4228134	1343.647957	605.4077911	790.8774376	169.1853714	853.7010956
545.9513474	399.9277782	207.0683289	420.2247334	608.1958008	499.8045731	160.924015	636.8121529	623.0129242	742.0150566	161.8841362	806.9095802	474.6019745	725.3516579	269.7648048	724.4952393	460.7605743	1044.624367	287.0079041	1039.707184	448.2169724	1312.444496	287.7387619	1298.946877	446.5307236	1359.11808	288.455143	1344.528923	609.937439	791.4862633	168.9071083	852.4503136
